190 190 255
10 -10 8 8 -8 6.5 3 2.25 1080 810 5
1
-30 -30 100 255 255 255
18
-2 0 1 1 150 150 150 0.21 0.5 0.5 20 0.2
2 0 1 1 150 150 150 0.21 0.5 0.5 20 0.2
4 0 1 1 150 150 150 0.21 0.5 0.5 20 0.2
-4 0 1 1 150 150 150 0.21 0.5 0.5 20 0.2
1 1.732 1 1 150 150 150 0.21 0.5 0.5 20 0.2
-1 1.732 1 1 150 150 150 0.21 0.5 0.5 20 0.2
1 -1.732 1 1 150 150 150 0.21 0.5 0.5 20 0.2
-1 -1.732 1 1 150 150 150 0.21 0.5 0.5 20 0.2
3 -1.732 1 1 150 150 150 0.21 0.5 0.5 20 0.2
-3 -1.732 1 1 150 150 150 0.21 0.5 0.5 20 0.2
3 1.732 1 1 150 150 150 0.21 0.5 0.5 20 0.2
-3 1.732 1 1 150 150 150 0.21 0.5 0.5 20 0.2
0 3.464 1 1 150 150 150 0.21 0.5 0.5 20 0.2
-2 3.464 1 1 150 150 150 0.21 0.5 0.5 20 0.2
2 3.464 1 1 150 150 150 0.21 0.5 0.5 20 0.2
0 -3.464 1 1 150 150 150 0.21 0.5 0.5 20 0.2
-2 -3.464 1 1 150 150 150 0.21 0.5 0.5 20 0.2
2 -3.464 1 1 150 150 150 0.21 0.5 0.5 20 0.2
1
0 0 0 0 0 1 255 255 255 0.21 0.5 0.5 20 0.5
